  11.30812
   5.54763
  13.33586
   6.37070
  22.32944
   4.27893
   5.10011
   6.07910
   9.10269
   4.55196
   3.27933
   4.83756
   6.57182
   6.44605
   5.51637
   5.92296
   5.28759
  15.79989
   6.69272
   8.49584
   4.94533
  11.54610
   8.29353
   6.24579
   4.57629
   3.38192
  14.02752
   3.33160
  17.85374
   3.23447
   9.34431
   6.61948
   6.65862
  13.49564
   9.55571
  13.31365
   6.29882
   5.65617
  10.16298
   3.09523
   2.74553
  15.73432
   4.23340
   8.00018
  19.96916
  10.79422
  10.49321
   4.45607
   5.35779
  12.06594
   5.29821
   9.96084
   9.89590
   4.52186
  11.71954
   5.42607
   5.01948
  10.07759
  10.12938
  10.31945
   5.50997
   6.12964
  15.13967
   5.34460
  17.74709
   4.02934
   8.65092
   4.15403
  15.78334
   8.57336
   3.68848
  17.05662
   6.78738
  12.43503
  11.79186
  14.85394
   3.76226
  14.61937
   4.49000
   5.39678
  10.23834
  10.95146
  13.50794
   2.98077
   3.18821
   7.20655
  28.64961
   2.20718
  19.92756
   6.64705
   4.13999
   4.56081
   5.69569
   4.22962
  15.21597
   5.07155
   5.41764
   9.23211
   9.15397
  15.61750
   6.16630
  18.93359
  12.91807
  12.38409
   8.15703
   2.47321
   8.16994
   4.36096
   6.56152
   9.75940
   5.65590
  11.10205
   3.66126
  10.55641
  14.03480
  23.44441
  16.63567
  14.64713
   5.35906
   8.80188
   5.48018
   8.05672
   4.08262
   6.32208
   3.33675
  13.79811
  10.86366
  16.48387
  10.10754
   5.70026
   3.36706
   4.95891
   3.80598
  18.17022
   6.54786
  15.23611
  16.90902
   6.20701
  12.27279
  12.58573
  14.45207
   8.61320
  12.58181
  12.51573
  19.12575
   8.03091
  18.06657
  14.87027
   3.84599
   7.46951
   8.45600
   7.54257
  14.37116
  13.79323
  12.59693
   4.79705
   4.91013
   5.08584
   2.47629
   3.21128
   2.71158
   6.79593
   8.05749
   5.88149
   5.10744
  12.68943
  14.10703
   7.45443
  11.63376
   9.82330
  19.46741
   8.27054
   2.67245
  10.80683
  18.30243
   4.16826
  19.29166
  12.24325
   4.50354
   7.99985
  14.88450
  14.42745
   8.80754
   5.46445
   7.28862
   5.58328
   8.58661
   8.64876
   7.07837
   2.77318
   7.42938
  17.38991
   5.86620
   3.12077
   4.49950
   4.30722
  13.67005
  12.14562
   8.36572
  12.79070
   4.11475
   2.48222
   3.29878
   7.09733
   9.43772
   4.71283
   9.95866
   4.72852
   5.80215
   4.33364
   9.41852
   4.25050
   6.00625
   7.07831
   2.90548
   6.08585
   3.18126
   6.10941
   3.40241
   4.63274
  10.31414
  16.36032
  12.13598
   5.82408
   5.97749
  11.34985
  11.77792
   7.77332
   4.11250
  10.48537
   7.19078
   3.72032
   9.58957
   9.07185
   3.14001
   6.43135
   4.44582
   7.95982
   9.68128
  21.81917
   9.21247
   3.40764
   8.32094
   9.80524
   9.58701
  10.88362
   8.09034
   5.23822
  11.41061
   5.84945
