   0.18483
   0.11925
   0.11897
   0.12115
   0.94677
   0.91745
   0.30786
   0.00913
   0.22572
   0.18694
   0.16960
   0.11809
   0.82820
   0.09061
   0.85506
   0.03837
   0.28798
   0.15179
   0.26892
   0.06146
   0.14300
   0.22148
   0.12073
   0.04369
   0.21794
   0.21888
   0.37474
   0.09524
   0.09641
   0.11350
   0.41039
   0.57781
   0.06733
   0.18208
   0.07257
   0.29046
   0.36361
   0.28025
   0.10267
   0.01750
   0.22656
   0.06747
   0.20022
   0.31328
   0.08817
   0.22005
   0.25284
   0.03614
   0.14144
   0.15516
   0.93286
   0.73666
   0.78353
   0.86236
   0.58965
   0.84856
   0.91299
   0.67156
   0.65050
   0.95699
   0.89852
   0.41935
   0.97800
   0.67790
   0.51470
   0.97990
   0.95363
   0.81277
   0.90307
   0.42489
   0.62522
   0.47619
   0.34550
   0.98520
   0.25785
   0.84947
   0.82505
   0.72553
   0.08269
   0.76552
   0.75846
   0.89192
   0.89562
   0.96354
   0.76571
   0.95549
   0.99578
   0.40743
   0.98139
   0.89995
   0.73744
   0.49143
   0.56855
   0.86076
   0.21800
   0.94906
   0.89228
   0.67285
   0.82667
   0.97945
