   0.06884
   0.56024
   0.32435
   0.05848
   0.41755
   0.12390
   0.98729
   0.25196
   0.04193
   0.23041
   0.81289
   0.06210
   0.15402
   0.21172
   0.86351
   0.05148
   0.24906
   0.45849
   0.87220
   0.16210
   0.21065
   0.03454
   0.28827
   0.51692
   0.11626
   0.37152
   0.29530
   0.02485
   0.02176
   0.13842
   0.03369
   0.08888
   0.03197
   0.26657
   0.80888
   0.47774
   0.06244
   0.74275
   0.12838
   0.04312
   0.28775
   0.68626
   0.08814
   0.09594
   0.75726
   0.03472
   0.22584
   0.07911
   0.06194
   0.36494
   0.94527
   0.25461
   0.89670
   0.59924
   0.63288
   0.93327
   0.46220
   0.40233
   0.64030
   0.81625
   0.81672
   0.70615
   0.18676
   0.91254
   0.85456
   0.79768
   0.78827
   0.88696
   0.47257
   0.84519
   0.96428
   0.37726
   0.66453
   0.55540
   0.78113
   0.90522
   0.88301
   0.64466
   0.95071
   0.31035
   0.16599
   0.99248
   0.82836
   0.91691
   0.61806
   0.84332
   0.82673
   0.67817
   0.74416
   0.96977
   0.30069
   0.60457
   0.57202
   0.64298
   0.75475
   0.68894
   0.73827
   0.71894
   0.94305
   0.50919
