   0.18500
   0.12208
   0.12079
   0.12284
   0.94554
   0.91668
   0.30937
   0.00936
   0.22756
   0.18931
   0.16974
   0.12041
   0.82655
   0.09179
   0.85164
   0.03987
   0.29163
   0.15104
   0.27088
   0.06273
   0.14508
   0.22096
   0.12173
   0.04458
   0.22131
   0.22231
   0.37860
   0.09805
   0.09844
   0.11505
   0.41225
   0.58357
   0.07013
   0.18492
   0.07390
   0.29006
   0.36403
   0.28084
   0.10387
   0.01819
   0.22853
   0.06809
   0.20289
   0.31561
   0.08910
   0.22371
   0.25621
   0.03696
   0.14104
   0.15684
   0.93179
   0.73588
   0.78333
   0.85927
   0.58659
   0.84511
   0.90965
   0.66755
   0.65074
   0.95660
   0.89620
   0.42270
   0.97733
   0.67529
   0.50989
   0.97946
   0.95245
   0.81259
   0.90218
   0.42169
   0.62523
   0.47839
   0.35096
   0.98479
   0.25751
   0.84663
   0.82447
   0.72491
   0.08390
   0.76326
   0.75349
   0.89033
   0.89312
   0.96249
   0.76661
   0.95479
   0.99559
   0.40957
   0.98093
   0.89757
   0.73533
   0.49071
   0.56439
   0.86098
   0.21906
   0.94774
   0.89106
   0.67320
   0.82742
   0.97880
