   0.08396
   0.41275
   0.21181
   0.06139
   0.43163
   0.18926
   0.99965
   0.17002
   0.04511
   0.31944
   0.81138
   0.06280
   0.27770
   0.17173
   0.93885
   0.06148
   0.21343
   0.30523
   0.77647
   0.17972
   0.25351
   0.04593
   0.19079
   0.36242
   0.11589
   0.30319
   0.41707
   0.03637
   0.03273
   0.12495
   0.04878
   0.08182
   0.04170
   0.22812
   0.73620
   0.35987
   0.07438
   0.46613
   0.10096
   0.04905
   0.23943
   0.42665
   0.07963
   0.09596
   0.91441
   0.04384
   0.16438
   0.08681
   0.07183
   0.24072
   0.99980
   0.19323
   0.99967
   0.38948
   0.85184
   0.89681
   0.72027
   0.60535
   0.64278
   0.94973
   0.82758
   0.84310
   0.18203
   0.88073
   0.96446
   0.65141
   0.82891
   0.99861
   0.37935
   0.94825
   0.97742
   0.31181
   0.63007
   0.42620
   0.80209
   0.99128
   0.71022
   0.47021
   0.98201
   0.24987
   0.16026
   0.99986
   0.96817
   0.93434
   0.50853
   0.87800
   0.80468
   0.64980
   0.75251
   0.99995
   0.23428
   0.71471
   0.69533
   0.80418
   0.83540
   0.52206
   0.50297
   0.72330
   0.99794
   0.41425
