   0.05815
   0.00757
   0.00694
   0.01192
   0.01196
   0.02673
   0.01389
   0.00073
   0.02281
   0.00436
   0.00889
   0.00949
   0.01177
   0.01233
   0.00374
   0.08496
   0.00321
   0.00711
   0.01813
   0.00230
   0.00247
   0.02503
   0.01394
   0.01839
   0.00121
   0.00154
   0.00566
   0.04425
   0.00312
   0.10144
   0.01510
   0.00297
   0.00124
   0.00364
   0.03732
   0.01235
   0.03634
   0.04832
   0.00430
   0.00454
   0.01233
   0.00504
   0.00197
   0.01888
   0.01201
   0.01928
   0.00308
   0.00105
   0.00844
   0.20253
   0.01079
   0.02132
   0.00502
   0.02176
   0.01183
   0.00139
   0.01285
   0.00963
   0.01794
   0.01012
   0.00509
   0.00371
   0.00075
   0.22185
   0.13104
   0.10673
   0.10102
   0.12877
   0.12272
   0.25522
   0.38504
   0.20592
   0.19946
   0.15515
   0.21292
   0.09937
   0.15307
   0.12601
   0.16603
   0.06794
   0.15582
   0.39348
   0.20850
   0.17269
   0.10436
   0.09383
   0.11653
   0.18546
   0.27780
   0.16613
   0.10832
   0.15908
   0.12532
   0.17098
   0.13706
   0.24086
   0.19924
   0.10592
   0.18966
   0.23143
   0.29475
   0.16005
   0.14392
   0.22811
   0.07447
   0.14521
   0.15376
   0.20297
   0.12099
   0.09218
   0.22465
   0.08456
   0.18926
   0.09608
   0.07508
   0.21458
   0.26748
   0.12215
   0.21504
   0.15704
   0.13875
   0.13931
   0.11334
   0.18601
   0.27759
   0.05350
