   0.12813
   0.00017
   0.00003
   0.00007
   0.00021
   0.00209
   0.00057
   0.00000
   0.00058
   0.00000
   0.00011
   0.00029
   0.00186
   0.00035
   0.00000
   0.08443
   0.00002
   0.00001
   0.00206
   0.00000
   0.00000
   0.00088
   0.00048
   0.01147
   0.00000
   0.00000
   0.00002
   0.01686
   0.00002
   0.92939
   0.00415
   0.00003
   0.00000
   0.00001
   0.00547
   0.00113
   0.03172
   0.42717
   0.00004
   0.00001
   0.00103
   0.00002
   0.00000
   0.00316
   0.00006
   0.00375
   0.00000
   0.00000
   0.00017
   0.95870
   0.00128
   0.02766
   0.00001
   0.00143
   0.01461
   0.00000
   0.00054
   0.00072
   0.00116
   0.00011
   0.00034
   0.00003
   0.00000
   0.99750
   0.97071
   0.80112
   0.77941
   0.99281
   0.94450
   0.99959
   0.99996
   0.99878
   0.99717
   0.98131
   0.99571
   0.74625
   0.98300
   0.97953
   0.99855
   0.50748
   0.99277
   0.99997
   0.99867
   0.99270
   0.96114
   0.65928
   0.98895
   0.99644
   0.99984
   0.98381
   0.80255
   0.99282
   0.95737
   0.99574
   0.95211
   0.99983
   0.99870
   0.92441
   0.99971
   0.99942
   0.99986
   0.98524
   0.97988
   0.99935
   0.68108
   0.98734
   0.97449
   0.99855
   0.92927
   0.91931
   0.99941
   0.87108
   0.99236
   0.91130
   0.53075
   0.99429
   0.99921
   0.90479
   0.99930
   0.98767
   0.96617
   0.99028
   0.90858
   0.99904
   0.99979
   0.22494
