   0.33857
   0.04405
   0.04041
   0.06938
   0.06963
   0.15563
   0.08088
   0.00425
   0.13283
   0.02541
   0.05176
   0.05526
   0.06856
   0.07180
   0.02175
   0.49467
   0.01866
   0.04141
   0.10555
   0.01341
   0.01439
   0.14576
   0.08116
   0.10709
   0.00705
   0.00897
   0.03296
   0.25762
   0.01815
   0.59063
   0.08791
   0.01727
   0.00722
   0.02117
   0.21728
   0.07189
   0.21160
   0.28135
   0.02501
   0.02645
   0.07179
   0.02935
   0.01147
   0.10993
   0.06993
   0.11225
   0.01796
   0.00610
   0.04914
   1.17924
   0.06282
   0.12413
   0.02923
   0.12672
   0.06889
   0.00807
   0.07480
   0.05606
   0.10447
   0.05895
   0.02961
   0.02162
   0.00437
   1.29174
   0.76298
   0.62142
   0.58823
   0.74977
   0.71456
   1.48607
   2.24192
   1.19901
   1.16140
   0.90338
   1.23974
   0.57861
   0.89127
   0.73373
   0.96671
   0.39558
   0.90727
   2.29109
   1.21402
   1.00552
   0.60766
   0.54632
   0.67850
   1.07986
   1.61749
   0.96733
   0.63072
   0.92625
   0.72968
   0.99553
   0.79803
   1.40245
   1.16008
   0.61671
   1.10430
   1.34752
   1.71621
   0.93192
   0.83797
   1.32818
   0.43359
   0.84547
   0.89530
   1.18179
   0.70450
   0.53673
   1.30803
   0.49235
   1.10199
   0.55941
   0.43716
   1.24939
   1.55740
   0.71121
   1.25207
   0.91436
   0.80787
   0.81115
   0.65995
   1.08307
   1.61632
   0.31152
